{
 "cells": [
  {
   "cell_type": "code",
   "execution_count": 1,
   "metadata": {},
   "outputs": [],
   "source": [
    "import numpy as np"
   ]
  },
  {
   "cell_type": "code",
   "execution_count": 2,
   "metadata": {},
   "outputs": [],
   "source": [
    "def oracle_1(x1,x2,mode=2):\n",
    "    if mode == 1:\n",
    "        return x1**2 + x2**2 - 2*x1*x2\n",
    "    if mode == 3:\n",
    "        return np.array([-1,1])*2*(x2-x1)\n",
    "    if mode == 2:\n",
    "        return x1**2 + x2**2 - 2*x1*x2, np.array([-1,1])*2*(x2-x1)\n",
    "\n",
    "def oracle_2(x1,x2,mode=2):\n",
    "    if mode == 1:\n",
    "        return 10*(x2-x1**2)**2 + (1-x1)**2\n",
    "    if mode == 3:\n",
    "        return np.array([-40*x1*(x2-x1**2) - 2 * (1 - x1), 20 * (x2 - x1**2)])\n",
    "    if mode == 2:\n",
    "        return 10*(x2-x1**2)**2 + (1-x1)**2, np.array([-40*x1*(x2-x1**2) - 2 * (1 - x1), 20 * (x2 - x1**2)])\n",
    "\n",
    "# def oracle_3(x1,x2,mode=2):\n",
    "#     if mode == 1:\n",
    "#         return x1**2 + x2**2\n",
    "#     if mode == 3:\n",
    "#         return np.array([x1,x2]) * 2\n",
    "#     if mode == 2:\n",
    "#         return x1**2 + x2**2,np.array([x1,x2]) * 2"
   ]
  },
  {
   "cell_type": "code",
   "execution_count": null,
   "metadata": {},
   "outputs": [],
   "source": [
    "def gradient_descent(x0, L, epsilon=1e-2, max_iter=1e6):\n",
    "    '''effectue la descente de gradient vue en cours'''\n",
    "    \n",
    "    start = time.time()\n",
    "    \n",
    "    x_n = x0\n",
    "    gamma = 1/L\n",
    "    \n",
    "    iter = 1\n",
    "    while np.linalg.norm(grad_f(x_n)) > epsilon and iter < max_iter:\n",
    "        iter +=1\n",
    "        x_n_plus_1 = x_n - gamma*grad_f(x_n)\n",
    "        x_n = x_n_plus_1\n",
    "    \n",
    "    if iter == max_iter:\n",
    "        print(\"L'algorithme de descente de gradient n'a pas convergé\")\n",
    "    else:\n",
    "        print(\"L'algorithme de descente de gradient a convergé au bout de {} itérations\".format(iter))\n",
    "        \n",
    "    end = time.time()\n",
    "    print(\"Temps d'exécution :\", round(end-start), \"secondes\")\n",
    "    \n",
    "    return x_n"
   ]
  },
  {
   "cell_type": "code",
   "execution_count": 3,
   "metadata": {},
   "outputs": [],
   "source": [
    "def norme(x1,x2):\n",
    "    return x1**2 + x2**2\n",
    "\n",
    "def descente_de_gradient(oracle,x0,t=0.5,Maxit=1000,tol=1e-6):\n",
    "    x = x0\n",
    "    f,gradient = oracle(x[0],x[1])\n",
    "    it = 0\n",
    "    while (np.linalg.norm(gradient,2)>tol)&(it<Maxit):\n",
    "        x = x - t * gradient\n",
    "        f,gradient = oracle(x[0],x[1])\n",
    "        it+=1\n",
    "\n",
    "\n",
    "    print(f\"solution optimale({x[0]},{x[1]})\")\n",
    "    print(f\"minimum : {oracle(x[0],x[1],mode=1)}\")\n",
    "    print(f\"dernier gradient:{oracle(x[0],x[1],mode=3)}\")\n",
    "    print(f\"Solution atteinte en {it} itérations\")\n",
    "    return(x,oracle(x[0],x[1]))\n"
   ]
  },
  {
   "cell_type": "code",
   "execution_count": 4,
   "metadata": {},
   "outputs": [
    {
     "name": "stdout",
     "output_type": "stream",
     "text": [
      "solution optimale(5.999985784855985,6.000014215144015)\n",
      "minimum : 8.082849944912596e-10\n",
      "dernier gradient:[-5.68605761e-05  5.68605761e-05]\n",
      "Solution atteinte en 25 itérations\n"
     ]
    },
    {
     "data": {
      "text/plain": [
       "(array([5.99998578, 6.00001422]),\n",
       " (8.082849944912596e-10, array([-5.68605761e-05,  5.68605761e-05])))"
      ]
     },
     "execution_count": 4,
     "metadata": {},
     "output_type": "execute_result"
    }
   ],
   "source": [
    "descente_de_gradient(oracle_1,np.array([11,1]),t=0.4,Maxit=25)"
   ]
  },
  {
   "cell_type": "code",
   "execution_count": 5,
   "metadata": {},
   "outputs": [
    {
     "name": "stdout",
     "output_type": "stream",
     "text": [
      "solution optimale(0.9136108912277657,0.8310265594133939)\n",
      "minimum : 0.007596909787984623\n",
      "dernier gradient:[-0.03908767 -0.07316602]\n",
      "Solution atteinte en 1000 itérations\n"
     ]
    },
    {
     "data": {
      "text/plain": [
       "(array([0.91361089, 0.83102656]),\n",
       " (0.007596909787984623, array([-0.03908767, -0.07316602])))"
      ]
     },
     "execution_count": 5,
     "metadata": {},
     "output_type": "execute_result"
    }
   ],
   "source": [
    "descente_de_gradient(oracle_2,np.array([0.5,1]),t=1e-3,Maxit=1000)"
   ]
  },
  {
   "cell_type": "code",
   "execution_count": 6,
   "metadata": {},
   "outputs": [
    {
     "data": {
      "application/vnd.plotly.v1+json": {
       "config": {
        "plotlyServerURL": "https://plot.ly"
       },
       "data": [
        {
         "contours": {
          "z": {
           "highlightcolor": "limegreen",
           "project": {
            "z": true
           },
           "show": true,
           "usecolormap": true
          }
         },
         "type": "surface",
         "x": [
          -10,
          -9.591836734693878,
          -9.183673469387756,
          -8.775510204081632,
          -8.36734693877551,
          -7.959183673469388,
          -7.551020408163265,
          -7.142857142857142,
          -6.73469387755102,
          -6.326530612244898,
          -5.918367346938775,
          -5.5102040816326525,
          -5.1020408163265305,
          -4.6938775510204085,
          -4.285714285714286,
          -3.8775510204081627,
          -3.4693877551020407,
          -3.0612244897959187,
          -2.6530612244897958,
          -2.244897959183673,
          -1.8367346938775508,
          -1.4285714285714288,
          -1.020408163265305,
          -0.612244897959183,
          -0.204081632653061,
          0.204081632653061,
          0.612244897959183,
          1.0204081632653068,
          1.4285714285714288,
          1.8367346938775508,
          2.2448979591836746,
          2.6530612244897966,
          3.0612244897959187,
          3.4693877551020407,
          3.8775510204081627,
          4.2857142857142865,
          4.6938775510204085,
          5.1020408163265305,
          5.510204081632654,
          5.918367346938776,
          6.326530612244898,
          6.73469387755102,
          7.142857142857142,
          7.551020408163264,
          7.95918367346939,
          8.367346938775512,
          8.775510204081634,
          9.183673469387756,
          9.591836734693878,
          10
         ],
         "y": [
          -10,
          -9.591836734693878,
          -9.183673469387756,
          -8.775510204081632,
          -8.36734693877551,
          -7.959183673469388,
          -7.551020408163265,
          -7.142857142857142,
          -6.73469387755102,
          -6.326530612244898,
          -5.918367346938775,
          -5.5102040816326525,
          -5.1020408163265305,
          -4.6938775510204085,
          -4.285714285714286,
          -3.8775510204081627,
          -3.4693877551020407,
          -3.0612244897959187,
          -2.6530612244897958,
          -2.244897959183673,
          -1.8367346938775508,
          -1.4285714285714288,
          -1.020408163265305,
          -0.612244897959183,
          -0.204081632653061,
          0.204081632653061,
          0.612244897959183,
          1.0204081632653068,
          1.4285714285714288,
          1.8367346938775508,
          2.2448979591836746,
          2.6530612244897966,
          3.0612244897959187,
          3.4693877551020407,
          3.8775510204081627,
          4.2857142857142865,
          4.6938775510204085,
          5.1020408163265305,
          5.510204081632654,
          5.918367346938776,
          6.326530612244898,
          6.73469387755102,
          7.142857142857142,
          7.551020408163264,
          7.95918367346939,
          8.367346938775512,
          8.775510204081634,
          9.183673469387756,
          9.591836734693878,
          10
         ],
         "z": [
          [
           0,
           0.16659725114536172,
           0.6663890045814185,
           1.4993752603081987,
           2.6655560183257023,
           4.164931278633901,
           5.997501041232823,
           8.163265306122469,
           10.66222407330278,
           13.49437734277386,
           16.659725114535604,
           20.158267388588087,
           23.990004164931293,
           28.154935443565194,
           32.653061224489804,
           37.48438150770514,
           42.648896293211166,
           48.146605581007904,
           53.97750937109538,
           60.14160766347356,
           66.63890045814244,
           73.46938775510205,
           80.63306955435237,
           88.1299458558934,
           95.96001665972511,
           104.12328196584755,
           112.61974177426072,
           121.4493960849646,
           130.6122448979592,
           140.10828821324446,
           149.93752603082052,
           160.09995835068725,
           170.59558517284466,
           181.4244064972928,
           192.58642232403164,
           204.08163265306123,
           215.91003748438152,
           228.0716368179925,
           240.56643065389426,
           253.39441899208668,
           266.5556018325698,
           280.04997917534365,
           293.87755102040813,
           308.0383173677634,
           322.5322782174095,
           337.35943356934615,
           352.5197834235736,
           368.0133277800917,
           383.84006663890045,
           400
          ],
          [
           0.16659725114536172,
           0,
           0.16659725114536172,
           0.6663890045814185,
           1.499375260308227,
           2.6655560183257023,
           4.164931278633901,
           5.997501041232823,
           8.163265306122469,
           10.66222407330281,
           13.494377342773845,
           16.659725114535618,
           20.1582673885881,
           23.990004164931293,
           28.154935443565194,
           32.65306122448982,
           37.48438150770514,
           42.648896293211166,
           48.14660558100793,
           53.977509371095394,
           60.141607663473565,
           66.63890045814246,
           73.46938775510208,
           80.63306955435239,
           88.1299458558934,
           95.96001665972511,
           104.12328196584757,
           112.61974177426075,
           121.44939608496462,
           130.6122448979592,
           140.10828821324452,
           149.93752603082052,
           160.09995835068725,
           170.59558517284466,
           181.4244064972928,
           192.58642232403167,
           204.08163265306126,
           215.91003748438152,
           228.07163681799256,
           240.56643065389426,
           253.39441899208668,
           266.5556018325698,
           280.04997917534365,
           293.87755102040813,
           308.0383173677635,
           322.5322782174095,
           337.35943356934615,
           352.5197834235736,
           368.0133277800917,
           383.84006663890045
          ],
          [
           0.6663890045814185,
           0.16659725114536172,
           0,
           0.16659725114536172,
           0.6663890045814185,
           1.4993752603081987,
           2.6655560183257023,
           4.164931278633901,
           5.997501041232823,
           8.163265306122454,
           10.662224073302795,
           13.494377342773845,
           16.659725114535618,
           20.1582673885881,
           23.990004164931293,
           28.154935443565194,
           32.653061224489804,
           37.48438150770512,
           42.64889629321117,
           48.146605581007925,
           53.97750937109538,
           60.141607663473565,
           66.63890045814247,
           73.46938775510208,
           80.63306955435236,
           88.12994585589338,
           95.96001665972511,
           104.12328196584758,
           112.61974177426075,
           121.4493960849646,
           130.61224489795921,
           140.10828821324452,
           149.9375260308205,
           160.09995835068725,
           170.59558517284466,
           181.42440649729284,
           192.58642232403167,
           204.08163265306126,
           215.91003748438158,
           228.07163681799256,
           240.56643065389426,
           253.39441899208666,
           266.5556018325698,
           280.04997917534365,
           293.8775510204083,
           308.0383173677635,
           322.5322782174095,
           337.35943356934615,
           352.5197834235736,
           368.0133277800917
          ],
          [
           1.4993752603081987,
           0.6663890045814185,
           0.16659725114536172,
           0,
           0.1665972511453333,
           0.6663890045814185,
           1.4993752603081987,
           2.6655560183257023,
           4.164931278633901,
           5.997501041232823,
           8.16326530612244,
           10.662224073302795,
           13.494377342773845,
           16.659725114535618,
           20.158267388588087,
           23.990004164931293,
           28.15493544356518,
           32.65306122448978,
           37.48438150770512,
           42.64889629321116,
           48.146605581007904,
           53.977509371095366,
           60.141607663473565,
           66.63890045814244,
           73.46938775510203,
           80.63306955435233,
           88.12994585589337,
           95.96001665972511,
           104.12328196584757,
           112.6197417742607,
           121.4493960849646,
           130.6122448979592,
           140.10828821324446,
           149.9375260308205,
           160.0999583506872,
           170.59558517284466,
           181.4244064972928,
           192.58642232403164,
           204.08163265306123,
           215.91003748438152,
           228.0716368179925,
           240.5664306538942,
           253.3944189920866,
           266.5556018325697,
           280.04997917534365,
           293.8775510204082,
           308.03831736776345,
           322.5322782174094,
           337.35943356934615,
           352.5197834235735
          ],
          [
           2.6655560183257023,
           1.499375260308227,
           0.6663890045814185,
           0.1665972511453333,
           0,
           0.1665972511453333,
           0.6663890045814185,
           1.4993752603082129,
           2.665556018325688,
           4.164931278633901,
           5.997501041232809,
           8.163265306122454,
           10.66222407330278,
           13.49437734277383,
           16.659725114535618,
           20.158267388588087,
           23.99000416493128,
           28.154935443565172,
           32.6530612244898,
           37.48438150770512,
           42.64889629321115,
           48.14660558100791,
           53.977509371095394,
           60.141607663473565,
           66.63890045814243,
           73.46938775510203,
           80.63306955435235,
           88.12994585589338,
           95.96001665972511,
           104.12328196584755,
           112.61974177426075,
           121.4493960849646,
           130.6122448979592,
           140.10828821324446,
           149.93752603082046,
           160.09995835068725,
           170.59558517284466,
           181.42440649729278,
           192.58642232403167,
           204.08163265306126,
           215.91003748438152,
           228.0716368179925,
           240.5664306538942,
           253.3944189920866,
           266.55560183256983,
           280.04997917534365,
           293.8775510204082,
           308.0383173677634,
           322.53227821740944,
           337.35943356934615
          ],
          [
           4.164931278633901,
           2.6655560183257023,
           1.4993752603081987,
           0.6663890045814185,
           0.1665972511453333,
           0,
           0.16659725114536172,
           0.6663890045814327,
           1.4993752603081987,
           2.665556018325688,
           4.164931278633915,
           5.997501041232823,
           8.163265306122454,
           10.662224073302795,
           13.494377342773845,
           16.659725114535618,
           20.158267388588087,
           23.99000416493128,
           28.154935443565186,
           32.65306122448981,
           37.48438150770513,
           42.648896293211166,
           48.14660558100793,
           53.977509371095394,
           60.141607663473565,
           66.63890045814244,
           73.46938775510203,
           80.63306955435237,
           88.12994585589338,
           95.96001665972511,
           104.12328196584758,
           112.61974177426075,
           121.44939608496462,
           130.6122448979592,
           140.10828821324446,
           149.93752603082052,
           160.09995835068725,
           170.59558517284466,
           181.42440649729284,
           192.58642232403167,
           204.08163265306126,
           215.91003748438152,
           228.0716368179925,
           240.5664306538942,
           253.3944189920867,
           266.55560183256983,
           280.04997917534365,
           293.8775510204082,
           308.0383173677635,
           322.53227821740944
          ],
          [
           5.997501041232823,
           4.164931278633901,
           2.6655560183257023,
           1.4993752603081987,
           0.6663890045814185,
           0.16659725114536172,
           0,
           0.16659725114536172,
           0.6663890045814327,
           1.4993752603082129,
           2.665556018325688,
           4.164931278633901,
           5.997501041232823,
           8.163265306122454,
           10.662224073302795,
           13.494377342773852,
           16.65972511453561,
           20.15826738858808,
           23.990004164931285,
           28.154935443565186,
           32.6530612244898,
           37.484381507705116,
           42.64889629321118,
           48.14660558100792,
           53.97750937109538,
           60.14160766347355,
           66.63890045814243,
           73.46938775510205,
           80.63306955435235,
           88.12994585589337,
           95.96001665972514,
           104.12328196584758,
           112.61974177426072,
           121.4493960849646,
           130.6122448979592,
           140.1082882132445,
           149.9375260308205,
           160.09995835068722,
           170.59558517284466,
           181.4244064972928,
           192.58642232403167,
           204.0816326530612,
           215.9100374843815,
           228.07163681799247,
           240.5664306538943,
           253.39441899208668,
           266.5556018325698,
           280.04997917534365,
           293.8775510204082,
           308.0383173677634
          ],
          [
           8.163265306122469,
           5.997501041232823,
           4.164931278633901,
           2.6655560183257023,
           1.4993752603082129,
           0.6663890045814327,
           0.16659725114536172,
           0,
           0.16659725114536172,
           0.6663890045814327,
           1.4993752603081987,
           2.6655560183257023,
           4.164931278633915,
           5.997501041232823,
           8.163265306122454,
           10.662224073302802,
           13.494377342773845,
           16.65972511453561,
           20.158267388588094,
           23.990004164931285,
           28.154935443565183,
           32.65306122448979,
           37.48438150770514,
           42.648896293211166,
           48.14660558100791,
           53.97750937109537,
           60.141607663473536,
           66.63890045814244,
           73.46938775510203,
           80.63306955435235,
           88.1299458558934,
           95.96001665972511,
           104.12328196584755,
           112.61974177426072,
           121.44939608496458,
           130.6122448979592,
           140.1082882132445,
           149.9375260308205,
           160.09995835068725,
           170.59558517284466,
           181.4244064972928,
           192.58642232403164,
           204.0816326530612,
           215.91003748438146,
           228.07163681799256,
           240.56643065389426,
           253.39441899208666,
           266.5556018325698,
           280.04997917534365,
           293.87755102040813
          ],
          [
           10.66222407330278,
           8.163265306122469,
           5.997501041232823,
           4.164931278633901,
           2.665556018325688,
           1.4993752603081987,
           0.6663890045814327,
           0.16659725114536172,
           0,
           0.1665972511453475,
           0.6663890045814185,
           1.4993752603081987,
           2.665556018325688,
           4.164931278633901,
           5.997501041232816,
           8.163265306122447,
           10.662224073302788,
           13.494377342773838,
           16.659725114535604,
           20.158267388588094,
           23.99000416493128,
           28.154935443565172,
           32.653061224489804,
           37.48438150770512,
           42.648896293211166,
           48.146605581007904,
           53.977509371095366,
           60.14160766347356,
           66.63890045814244,
           73.46938775510203,
           80.63306955435237,
           88.1299458558934,
           95.96001665972511,
           104.12328196584755,
           112.61974177426072,
           121.4493960849646,
           130.6122448979592,
           140.10828821324446,
           149.93752603082052,
           160.09995835068722,
           170.59558517284466,
           181.42440649729278,
           192.58642232403164,
           204.08163265306118,
           215.91003748438158,
           228.07163681799256,
           240.56643065389426,
           253.39441899208666,
           266.5556018325698,
           280.04997917534365
          ],
          [
           13.49437734277386,
           10.66222407330281,
           8.163265306122454,
           5.997501041232823,
           4.164931278633901,
           2.665556018325688,
           1.4993752603082129,
           0.6663890045814327,
           0.1665972511453475,
           0,
           0.16659725114536172,
           0.6663890045814327,
           1.4993752603081987,
           2.6655560183257023,
           4.164931278633908,
           5.99750104123283,
           8.163265306122454,
           10.662224073302795,
           13.494377342773852,
           16.659725114535625,
           20.158267388588097,
           23.990004164931282,
           28.1549354435652,
           32.65306122448981,
           37.48438150770514,
           42.648896293211166,
           48.14660558100791,
           53.977509371095394,
           60.141607663473565,
           66.63890045814244,
           73.46938775510208,
           80.63306955435237,
           88.1299458558934,
           95.96001665972513,
           104.12328196584755,
           112.61974177426075,
           121.44939608496462,
           130.6122448979592,
           140.10828821324452,
           149.93752603082052,
           160.09995835068725,
           170.59558517284466,
           181.4244064972928,
           192.58642232403164,
           204.0816326530613,
           215.91003748438158,
           228.07163681799256,
           240.56643065389426,
           253.39441899208668,
           266.5556018325698
          ],
          [
           16.659725114535604,
           13.494377342773845,
           10.662224073302795,
           8.16326530612244,
           5.997501041232809,
           4.164931278633915,
           2.665556018325688,
           1.4993752603081987,
           0.6663890045814185,
           0.16659725114536172,
           0,
           0.1665972511453475,
           0.6663890045814185,
           1.4993752603081987,
           2.665556018325695,
           4.164931278633901,
           5.997501041232816,
           8.163265306122447,
           10.662224073302792,
           13.494377342773848,
           16.659725114535608,
           20.15826738858808,
           23.990004164931285,
           28.154935443565183,
           32.6530612244898,
           37.484381507705116,
           42.64889629321115,
           48.14660558100792,
           53.97750937109537,
           60.14160766347355,
           66.63890045814246,
           73.46938775510205,
           80.63306955435235,
           88.12994585589337,
           95.9600166597251,
           104.12328196584757,
           112.61974177426073,
           121.44939608496459,
           130.61224489795921,
           140.1082882132445,
           149.9375260308205,
           160.09995835068722,
           170.59558517284464,
           181.42440649729275,
           192.58642232403173,
           204.08163265306126,
           215.91003748438152,
           228.0716368179925,
           240.56643065389423,
           253.39441899208663
          ],
          [
           20.158267388588087,
           16.659725114535618,
           13.494377342773845,
           10.662224073302795,
           8.163265306122454,
           5.997501041232823,
           4.164931278633901,
           2.6655560183257023,
           1.4993752603081987,
           0.6663890045814327,
           0.1665972511453475,
           0,
           0.16659725114535462,
           0.6663890045814256,
           1.4993752603082058,
           2.665556018325695,
           4.164931278633901,
           5.997501041232816,
           8.163265306122451,
           10.662224073302795,
           13.494377342773841,
           16.6597251145356,
           20.158267388588094,
           23.99000416493128,
           28.15493544356518,
           32.65306122448979,
           37.48438150770511,
           42.648896293211166,
           48.146605581007904,
           53.977509371095366,
           60.141607663473565,
           66.63890045814244,
           73.46938775510205,
           80.63306955435235,
           88.12994585589337,
           95.96001665972511,
           104.12328196584755,
           112.61974177426072,
           121.4493960849646,
           130.6122448979592,
           140.10828821324446,
           149.93752603082046,
           160.0999583506872,
           170.5955851728446,
           181.42440649729284,
           192.58642232403167,
           204.08163265306126,
           215.91003748438152,
           228.0716368179925,
           240.56643065389417
          ],
          [
           23.990004164931293,
           20.1582673885881,
           16.659725114535618,
           13.494377342773845,
           10.66222407330278,
           8.163265306122454,
           5.997501041232823,
           4.164931278633915,
           2.665556018325688,
           1.4993752603081987,
           0.6663890045814185,
           0.16659725114535462,
           0,
           0.16659725114535462,
           0.6663890045814185,
           1.4993752603082058,
           2.665556018325695,
           4.164931278633901,
           5.997501041232816,
           8.163265306122451,
           10.662224073302792,
           13.494377342773841,
           16.659725114535618,
           20.15826738858809,
           23.99000416493128,
           28.15493544356518,
           32.65306122448978,
           37.48438150770512,
           42.648896293211166,
           48.146605581007904,
           53.977509371095394,
           60.141607663473565,
           66.63890045814244,
           73.46938775510205,
           80.63306955435235,
           88.1299458558934,
           95.96001665972511,
           104.12328196584755,
           112.61974177426075,
           121.4493960849646,
           130.6122448979592,
           140.10828821324446,
           149.9375260308205,
           160.0999583506872,
           170.59558517284472,
           181.4244064972928,
           192.58642232403167,
           204.08163265306126,
           215.91003748438152,
           228.0716368179925
          ],
          [
           28.154935443565194,
           23.990004164931293,
           20.1582673885881,
           16.659725114535618,
           13.49437734277383,
           10.662224073302795,
           8.163265306122454,
           5.997501041232823,
           4.164931278633901,
           2.6655560183257023,
           1.4993752603081987,
           0.6663890045814256,
           0.16659725114535462,
           0,
           0.16659725114535462,
           0.6663890045814256,
           1.4993752603082129,
           2.6655560183257023,
           4.164931278633908,
           5.997501041232823,
           8.163265306122454,
           10.662224073302793,
           13.494377342773857,
           16.659725114535618,
           20.158267388588097,
           23.990004164931282,
           28.15493544356518,
           32.653061224489804,
           37.48438150770513,
           42.648896293211166,
           48.14660558100793,
           53.977509371095394,
           60.141607663473565,
           66.63890045814244,
           73.46938775510205,
           80.63306955435237,
           88.1299458558934,
           95.96001665972511,
           104.1232819658476,
           112.61974177426075,
           121.44939608496462,
           130.6122448979592,
           140.1082882132445,
           149.93752603082046,
           160.09995835068727,
           170.5955851728447,
           181.42440649729286,
           192.58642232403167,
           204.08163265306126,
           215.91003748438152
          ],
          [
           32.653061224489804,
           28.154935443565194,
           23.990004164931293,
           20.158267388588087,
           16.659725114535618,
           13.494377342773845,
           10.662224073302795,
           8.163265306122454,
           5.997501041232816,
           4.164931278633908,
           2.665556018325695,
           1.4993752603082058,
           0.6663890045814185,
           0.16659725114535462,
           0,
           0.16659725114535462,
           0.666389004581422,
           1.4993752603082022,
           2.6655560183256988,
           4.164931278633901,
           5.99750104123282,
           8.163265306122447,
           10.662224073302795,
           13.494377342773847,
           16.65972511453561,
           20.158267388588087,
           23.99000416493127,
           28.154935443565186,
           32.6530612244898,
           37.48438150770512,
           42.64889629321117,
           48.14660558100792,
           53.97750937109538,
           60.14160766347355,
           66.63890045814242,
           73.46938775510205,
           80.63306955435235,
           88.12994585589337,
           95.96001665972514,
           104.12328196584758,
           112.61974177426075,
           121.44939608496458,
           130.61224489795916,
           140.10828821324446,
           149.93752603082055,
           160.09995835068725,
           170.59558517284466,
           181.4244064972928,
           192.58642232403167,
           204.0816326530612
          ],
          [
           37.48438150770514,
           32.65306122448982,
           28.154935443565194,
           23.990004164931293,
           20.158267388588087,
           16.659725114535618,
           13.494377342773852,
           10.662224073302802,
           8.163265306122447,
           5.99750104123283,
           4.164931278633901,
           2.665556018325695,
           1.4993752603082058,
           0.6663890045814256,
           0.16659725114535462,
           0,
           0.16659725114535817,
           0.6663890045814256,
           1.4993752603082058,
           2.665556018325695,
           4.164931278633903,
           5.997501041232816,
           8.163265306122454,
           10.662224073302792,
           13.494377342773841,
           16.659725114535604,
           20.158267388588076,
           23.99000416493128,
           28.15493544356518,
           32.65306122448979,
           37.48438150770513,
           42.648896293211166,
           48.14660558100791,
           53.977509371095366,
           60.141607663473536,
           66.63890045814244,
           73.46938775510205,
           80.63306955435235,
           88.1299458558934,
           95.96001665972511,
           104.12328196584755,
           112.61974177426072,
           121.44939608496458,
           130.61224489795916,
           140.10828821324452,
           149.9375260308205,
           160.09995835068725,
           170.59558517284466,
           181.4244064972928,
           192.58642232403164
          ],
          [
           42.648896293211166,
           37.48438150770514,
           32.653061224489804,
           28.15493544356518,
           23.99000416493128,
           20.158267388588087,
           16.65972511453561,
           13.494377342773845,
           10.662224073302788,
           8.163265306122454,
           5.997501041232816,
           4.164931278633901,
           2.665556018325695,
           1.4993752603082129,
           0.666389004581422,
           0.16659725114535817,
           0,
           0.16659725114535462,
           0.666389004581422,
           1.4993752603082076,
           2.665556018325697,
           4.164931278633903,
           5.997501041232825,
           8.163265306122451,
           10.662224073302792,
           13.494377342773841,
           16.659725114535604,
           20.158267388588094,
           23.99000416493128,
           28.15493544356518,
           32.653061224489804,
           37.48438150770513,
           42.648896293211166,
           48.14660558100791,
           53.977509371095366,
           60.141607663473565,
           66.63890045814244,
           73.46938775510205,
           80.63306955435237,
           88.1299458558934,
           95.96001665972513,
           104.12328196584755,
           112.61974177426072,
           121.44939608496458,
           130.61224489795921,
           140.10828821324452,
           149.93752603082052,
           160.09995835068725,
           170.59558517284466,
           181.4244064972928
          ],
          [
           48.146605581007904,
           42.648896293211166,
           37.48438150770512,
           32.65306122448978,
           28.154935443565172,
           23.99000416493128,
           20.15826738858808,
           16.65972511453561,
           13.494377342773838,
           10.662224073302795,
           8.163265306122447,
           5.997501041232816,
           4.164931278633901,
           2.6655560183257023,
           1.4993752603082022,
           0.6663890045814256,
           0.16659725114535462,
           0,
           0.16659725114535462,
           0.6663890045814274,
           1.4993752603082058,
           2.6655560183256988,
           4.164931278633908,
           5.997501041232823,
           8.163265306122451,
           10.662224073302792,
           13.494377342773841,
           16.659725114535618,
           20.158267388588094,
           23.99000416493128,
           28.154935443565197,
           32.653061224489804,
           37.48438150770513,
           42.648896293211166,
           48.14660558100791,
           53.977509371095394,
           60.141607663473565,
           66.63890045814244,
           73.46938775510206,
           80.63306955435237,
           88.1299458558934,
           95.96001665972511,
           104.12328196584755,
           112.6197417742607,
           121.44939608496466,
           130.61224489795921,
           140.10828821324452,
           149.9375260308205,
           160.09995835068725,
           170.59558517284466
          ],
          [
           53.97750937109538,
           48.14660558100793,
           42.64889629321117,
           37.48438150770512,
           32.6530612244898,
           28.154935443565186,
           23.990004164931285,
           20.158267388588094,
           16.659725114535604,
           13.494377342773852,
           10.662224073302792,
           8.163265306122451,
           5.997501041232816,
           4.164931278633908,
           2.6655560183256988,
           1.4993752603082058,
           0.666389004581422,
           0.16659725114535462,
           0,
           0.1665972511453564,
           0.6663890045814256,
           1.499375260308205,
           2.6655560183257014,
           4.1649312786339046,
           5.99750104123282,
           8.163265306122447,
           10.662224073302786,
           13.494377342773848,
           16.65972511453561,
           20.158267388588087,
           23.99000416493129,
           28.154935443565186,
           32.6530612244898,
           37.48438150770512,
           42.64889629321115,
           48.14660558100792,
           53.97750937109538,
           60.14160766347354,
           66.63890045814246,
           73.46938775510205,
           80.63306955435237,
           88.12994585589337,
           95.96001665972511,
           104.12328196584755,
           112.61974177426077,
           121.44939608496463,
           130.61224489795921,
           140.1082882132445,
           149.9375260308205,
           160.09995835068722
          ],
          [
           60.14160766347356,
           53.977509371095394,
           48.146605581007925,
           42.64889629321116,
           37.48438150770512,
           32.65306122448981,
           28.154935443565186,
           23.990004164931285,
           20.158267388588094,
           16.659725114535625,
           13.494377342773848,
           10.662224073302795,
           8.163265306122451,
           5.997501041232823,
           4.164931278633901,
           2.665556018325695,
           1.4993752603082076,
           0.6663890045814274,
           0.1665972511453564,
           0,
           0.16659725114535462,
           0.666389004581422,
           1.4993752603082058,
           2.6655560183256974,
           4.1649312786339,
           5.997501041232815,
           8.163265306122442,
           10.662224073302792,
           13.494377342773841,
           16.659725114535604,
           20.158267388588094,
           23.99000416493128,
           28.15493544356518,
           32.65306122448979,
           37.48438150770511,
           42.648896293211166,
           48.14660558100791,
           53.977509371095366,
           60.141607663473565,
           66.63890045814244,
           73.46938775510205,
           80.63306955435235,
           88.12994585589337,
           95.96001665972508,
           104.1232819658476,
           112.61974177426075,
           121.4493960849646,
           130.6122448979592,
           140.10828821324446,
           149.93752603082046
          ],
          [
           66.63890045814244,
           60.141607663473565,
           53.97750937109538,
           48.146605581007904,
           42.64889629321115,
           37.48438150770513,
           32.6530612244898,
           28.154935443565183,
           23.99000416493128,
           20.158267388588097,
           16.659725114535608,
           13.494377342773841,
           10.662224073302792,
           8.163265306122454,
           5.99750104123282,
           4.164931278633903,
           2.665556018325697,
           1.4993752603082058,
           0.6663890045814256,
           0.16659725114535462,
           0,
           0.1665972511453555,
           0.666389004581426,
           1.4993752603082062,
           2.665556018325698,
           4.164931278633901,
           5.997501041232816,
           8.163265306122451,
           10.662224073302792,
           13.494377342773841,
           16.659725114535618,
           20.158267388588094,
           23.99000416493128,
           28.15493544356518,
           32.65306122448979,
           37.48438150770513,
           42.648896293211166,
           48.146605581007904,
           53.97750937109539,
           60.141607663473565,
           66.63890045814244,
